262144000S,0C
5298 1
5138 1
5169 1
5140 1
5303 1
5158 1
5152 1
5168 1
5142 1
5471 1
5299 1
5549 1
5458 1
5717 1
5312 1
5314 1
5314 1
5313 1
2800 1
5419 1
5310 1
5304 1
5414 1
5305 1
5303 1
5430 1
5301 1
5429 1
5301 1
35488 1
5302 1
5302 1
5302 1
35775 1
1951 1
5313 1
2094 1
5506 1
-137422 -15
-77890 -15
-36358 -7
5313 1
5582 1
5464 1
5318 1
5317 1
5317 1
5439 1
5318 1
5472 1
5429 1
5320 1
5320 1
5320 1
5435 1
5419 1
5482 1
5307 1
5562 1
5653 1
5324 1
5324 1
5324 1
5698 1
5488 1
5304 1
5541 1
5444 1
5692 1
5497 1
5332 1
5466 1
5758 1
6210 1
6340 1
5603 1
5605 1
2637 1
6873 1
6872 1
7002 1
7144 1
6896 1
6896 1
7188 1
7015 1
6886 1
7008 1
6881 1
7052 1
6881 1
6948 1
6947 1
6948 1
6944 1
7072 1
6891 1
6982 1
6982 1
7110 1
6980 1
6980 1
6970 1
6975 1
7103 1
7105 1
7115 1
7138 1
7138 1
7250 1
6980 1
6986 1
6985 1
7005 1
7254 1
7349 1
7212 1
7035 1
7038 1
7158 1
7158 1
7180 1
7034 1
7163 1
7034 1
7231 1
7032 1
7035 1
7036 1
7033 1
7028 1
7028 1
7156 1
7029 1
7025 1
7028 1
7155 1
7034 1
7160 1
7033 1
7034 1
7157 1
7035 1
7035 1
7033 1
8225 1
8034 1
8224 1
8034 1
8436 1
8032 1
8434 1
8035 1
8035 1
8023 1
8148 1
8022 1
8019 1
8024 1
8023 1
8170 1
8150 1
8172 1
8273 1
8008 1
8190 1
8004 1
8069 1
8069 1
8266 1
8063 1
8066 1
8066 1
8127 1
8803 1
8804 1
8718 1
8599 1
41679 1
8596 1
8772 1
8815 1
8610 1
8737 1
8610 1
8611 1
8736 1
8607 1
8615 1
8762 1
8619 1
8616 1
8765 1
8618 1
8419 1
8553 1
8425 1
8553 1
8423 1
8423 1
8424 1
8556 1
8581 1
8591 1
8703 1
8451 1
8442 1
8446 1
8573 1
8446 1
8448 1
8455 1
8609 1
8652 1
8587 1
8461 1
8456 1
8647 1
8647 1
8458 1
8458 1
8461 1
8572 1
4012 1
3264 1
8443 1
8569 1
2898 1
8442 1
8441 1
8443 1
8442 1
8597 1
8576 1
8524 1
8657 1
8430 1
8431 1
8434 1
8434 1
8435 1
8437 1
8568 1
8570 1
8437 1
8437 1
8443 1
8584 1
8580 1
8436 1
8438 1
8438 1
8632 1
8634 1
8453 1
8453 1
8451 1
8449 1
8501 1
8741 1
8619 1
55347 1
8494 1
8784 1
8493 1
8491 1
8498 1
8492 1
8631 1
8506 1
21067 1
8503 1
